NMODEL=  1
 IGEOM=2 IEMRG=1
IEDFTR=0  IOUT=1    IC=1    NH=1  ISCA=1    IB=1 IDIST=0
 1.000D-30  1.000D-03 35
 2.229d-01 2.230d-01 2.231d-01 2.234d-01 2.238d-01 2.244d-01 2.251d-01
 2.259d-01 2.268d-01 2.280d-01 2.292d-01 2.306d-01 2.321d-01 2.338d-01
 2.357d-01 2.377d-01 2.398d-01 2.421d-01 2.446d-01 2.472d-01 2.499d-01
 2.528d-01 2.559d-01 2.591d-01 2.625d-01 2.661d-01 2.698d-01 2.737d-01
 2.777d-01 2.819d-01 2.862d-01 2.907d-01 2.954d-01 3.003d-01 3.053d-01
 3.104d-01 3.158d-01 3.213d-01 3.269d-01 3.328d-01 3.388d-01 3.449d-01
 3.513d-01 3.578d-01 3.644d-01 3.713d-01 3.783d-01 3.855d-01 3.928d-01
 4.003d-01 4.080d-01 4.159d-01 4.239d-01 4.321d-01 4.405d-01 4.491d-01
 4.578d-01 4.667d-01 4.757d-01 4.850d-01 4.944d-01 5.040d-01 5.137d-01
 5.237d-01 5.338d-01 5.441d-01 5.546d-01 5.652d-01 5.760d-01 5.870d-01
 5.982d-01 6.095d-01 6.210d-01 6.327d-01 6.446d-01 6.567d-01 6.689d-01
 6.813d-01 6.939d-01 7.067d-01 7.196d-01 7.328d-01 7.461d-01 7.596d-01
 7.732d-01 7.871d-01 8.011d-01 8.153d-01 8.297d-01 8.443d-01 8.590d-01
 8.740d-01 8.891d-01 9.044d-01 9.199d-01 9.355d-01 9.514d-01 9.674d-01
 9.836d-01 1.000d+00
   60   20                                                              
 2.000d+03 1.300d+03 1.100d+03 1.099d+03 8.001d+02 8.000d+02 7.999d+02
 7.998d+02 4.500d+02 4.499d+02 4.000d+02 3.999d+02 3.500d+02 3.000d+02
 2.350d+02 2.000d+02 1.600d+02 1.200d+02 1.000d+02 9.500d+01 9.499d+01
 9.000d+01 8.000d+01 7.000d+01 6.000d+01 5.000d+01 4.700d+01 4.000d+01
 3.300d+01 3.000d+01 2.500d+01 2.000d+01 1.999d+01 1.800d+01 1.300d+01
 1.100d+01 1.000d+01 9.999d+00 8.000d+00 6.000d+00 4.800d+00 4.000d+00
 3.500d+00 3.000d+00 2.200d+00 1.800d+00 9.000d-01 7.000d-01 5.500d-01
 4.350d-01 3.460d-01 2.750d-01 2.500d-01 2.150d-01 2.000d-01 1.800d-01
 1.430d-01 1.300d-01 1.000d-01 9.100d-02
 4.119d-15 2.904d-15 2.535d-15 2.533d-15 1.264d-15 1.264d-15 1.263d-15
 1.262d-15 1.459d-17 1.457d-17 7.064d-18 7.070d-18 1.065d-17 1.712d-17
 6.290d-18 2.975d-17 2.334d-17 1.035d-17 4.192d-17 2.058d-17 2.055d-17
 9.723d-18 8.912d-18 7.732d-18 5.674d-18 3.947d-18 3.086d-18 1.624d-18
 7.459d-19 5.073d-19 2.368d-19 9.350d-20 9.352d-20 9.850d-20 1.040d-19
 1.068d-19 1.080d-19 1.079d-19 8.025d-20 1.100d-19 1.546d-19 2.010d-19
 2.392d-19 2.874d-19 3.860d-19 4.363d-19 3.544d-20 2.479d-20 1.577d-20
 9.424d-20 5.150d-20 2.295d-20 1.504d-20 1.422d-20 1.374d-20 1.333d-20
 1.229d-20 1.143d-20 4.849d-21 2.949d-21
    1                                                                   
DRAINELI  5.000D-01 NOMANTLE  0.000D+00  1
 2.176d-27 0.000d+00 -2.558d-03 2.000d+03
 4.483d-27 0.000d+00 -3.800d-03 1.300d+03
 5.932d-27 0.000d+00 -4.200d-03 1.100d+03
 5.941d-27 0.000d+00 -4.200d-03 1.099d+03
 1.013d-26 0.000d+00 -4.800d-03 8.001d+02
 1.014d-26 0.000d+00 -4.800d-03 8.000d+02
 1.014d-26 0.000d+00 -4.800d-03 7.999d+02
 1.014d-26 0.000d+00 -4.800d-03 7.998d+02
 2.842d-26 0.000d+00 -5.300d-03 4.500d+02
 2.844d-26 0.000d+00 -5.300d-03 4.499d+02
 3.582d-26 0.000d+00 -5.200d-03 4.000d+02
 3.584d-26 0.000d+00 -5.200d-03 3.999d+02
 4.703d-26 0.000d+00 -5.162d-03 3.500d+02
 6.522d-26 0.000d+00 -4.900d-03 3.000d+02
 1.110d-25 0.000d+00 -4.343d-03 2.350d+02
 1.541d-25 0.000d+00 -3.700d-03 2.000d+02
 2.450d-25 0.000d+00 -2.067d-03 1.600d+02
 4.416d-25 0.000d+00 2.529d-03 1.200d+02
 6.425d-25 0.000d+00 7.100d-03 1.000d+02
 7.164d-25 0.000d+00 8.091d-03 9.500d+01
 7.166d-25 0.000d+00 8.093d-03 9.499d+01
 8.040d-25 0.000d+00 9.031d-03 9.000d+01
 1.036d-24 0.000d+00 9.900d-03 8.000d+01
 1.382d-24 0.000d+00 7.210d-03 7.000d+01
 1.919d-24 1.919d-28-1.229d-04 6.000d+01
 2.786d-24 2.786d-28-1.142d-02 5.000d+01
 3.141d-24 3.141d-28-1.443d-02 4.700d+01
 4.244d-24 4.244d-28-1.912d-02 4.000d+01
 5.834d-24 1.167d-27-2.286d-02 3.300d+01
 6.830d-24 1.366d-27-2.390d-02 3.000d+01
 9.322d-24 2.797d-27-2.412d-02 2.500d+01
 1.435d-23 7.177d-27-2.384d-02 2.000d+01
 1.437d-23 7.185d-27-2.383d-02 1.999d+01
 1.617d-23 1.116d-26-2.509d-02 1.800d+01
 1.341d-23 4.023d-26-2.870d-02 1.300d+01
 2.831d-23 8.209d-26-3.094d-02 1.100d+01
 4.073d-23 1.222d-25-3.440d-02 1.000d+01
 4.074d-23 1.222d-25-3.440d-02 9.999d+00
 1.528d-23 2.477d-25-5.035d-02 8.000d+00
 9.341d-24 8.022d-25-5.283d-02 6.000d+00
 1.185d-23 1.874d-24-4.245d-02 4.800d+00
 1.582d-23 3.530d-24-2.194d-02 4.000d+00
 1.967d-23 5.376d-24 1.895d-03 3.500d+00
 2.528d-23 8.355d-24 3.937d-02 3.000d+00
 4.133d-23 1.792d-23 1.293d-01 2.200d+00
 5.588d-23 2.737d-23 1.837d-01 1.800d+00
 1.516d-22 9.572d-23 3.980d-01 9.000d-01
 2.173d-22 1.435d-22 4.782d-01 7.000d-01
 3.053d-22 2.029d-22 5.403d-01 5.500d-01
 4.173d-22 2.688d-22 5.734d-01 4.350d-01
 5.458d-22 3.307d-22 5.780d-01 3.460d-01
 6.946d-22 3.922d-22 5.575d-01 2.750d-01
 8.196d-22 4.306d-22 5.506d-01 2.500d-01
 1.171d-21 4.920d-22 5.624d-01 2.150d-01
 1.026d-21 4.607d-22 5.832d-01 2.000d-01
 9.017d-22 4.087d-22 6.204d-01 1.800d-01
 1.059d-21 3.833d-22 6.772d-01 1.430d-01
 1.182d-21 4.054d-22 6.824d-01 1.300d-01
 1.796d-21 4.851d-22 6.518d-01 1.000d-01
 2.024d-21 4.943d-22 6.644d-01 9.100d-02
 1.000D 00                                                              
    0      1.000D+01 1.000D+03                                          
 0.350D+00 0.300D+00 9.999D-01 2.500D+04 2.500D+05                      
 ICONV=1                                                                
 3.680d-01 2.638d-01 2.571d-01 2.503d-01 2.571d-01 2.165d-01 1.894d-01
 1.894d-01 2.368d-01 1.894d-01 6.629d-01 4.735d-01 2.029d-01 1.353d-04
 1.353d-04 1.353d-04 1.353d-04 1.353d-04 4.059d-01 4.059d-01 3.788d-01
 1.353d-04 1.353d-04 1.353d-04 1.353d-04 4.059d-01 2.976d-01 1.353d-04
 1.826d-01 4.059d-01 1.826d-01 1.826d-01 1.353d-01 1.353d-04 1.015d-01
 1.353d-04 1.015d-01 1.353d-01 1.015d-01 1.353d-04 1.353d-01 1.353d-04
 1.353d-01 1.353d-04 1.353d-01 1.353d-04 1.353d-04 1.353d-04 1.353d-04
 1.353d-04 1.353d-04 1.353d-04 1.353d-04 1.353d-04 1.353d-04 1.353d-04
 1.353d-04 1.353d-04 1.353d-04 1.353d-04
