NMODEL=  1                                                              
 IGEOM=2 IEMRG=0                                                        
IEDFTR=1  IOUT=1    IC=1    NH=1  ISCA=1    IB=1 IDIST=1                
 1.000D-30 1.000D-03  20                                                
 1.500d-01 1.505d-01 1.510d-01 1.515d-01 1.520d-01 1.530d-01 1.540d-01  
 1.550d-01 1.560d-01 1.570d-01 1.580d-01 1.590d-01 1.600d-01 1.700d-01  
 1.800d-01 1.900d-01 2.000d-01 2.100d-01 2.200d-01 2.300d-01 2.400d-01  
 2.500d-01 2.600d-01 2.700d-01 2.800d-01 2.900d-01 3.000d-01 3.100d-01  
 3.200d-01 3.300d-01 3.400d-01 3.500d-01 3.600d-01 3.700d-01 3.800d-01  
 3.900d-01 4.000d-01 4.100d-01 4.200d-01 4.300d-01 4.400d-01 4.500d-01  
 4.600d-01 4.700d-01 4.800d-01 4.900d-01 5.000d-01 5.100d-01 5.200d-01  
 5.300d-01 5.400d-01 5.500d-01 5.600d-01 5.700d-01 5.800d-01 5.900d-01  
 6.000d-01 6.100d-01 6.200d-01 6.300d-01 6.400d-01 6.500d-01 6.600d-01  
 6.700d-01 6.800d-01 6.900d-01 7.000d-01 7.100d-01 7.200d-01 7.300d-01  
 7.400d-01 7.500d-01 7.600d-01 7.700d-01 7.800d-01 7.900d-01 8.000d-01  
 8.100d-01 8.200d-01 8.300d-01 8.400d-01 8.500d-01 8.600d-01 8.700d-01  
 8.800d-01 8.900d-01 9.000d-01 9.100d-01 9.200d-01 9.300d-01 9.400d-01  
 9.500d-01 9.600d-01 9.700d-01 9.800d-01 9.900d-01 9.950d-01 9.970d-01  
 9.990d-01 1.0000d+00                                                   
   59   37                                                              
 5.000d+03 4.000d+03 3.000d+03 2.000d+03 1.000d+03 8.000d+02 6.000d+02  
 4.500d+02 4.000d+02 3.000d+02 2.350d+02 2.000d+02 1.900d+02 1.800d+02  
 1.500d+02 1.400d+02 1.200d+02 1.000d+02 9.000d+01 8.000d+01 7.000d+01  
 6.000d+01 5.000d+01 4.000d+01 3.000d+01 2.500d+01 2.000d+01 1.800d+01  
 1.200d+01 1.100d+01 1.000d+01 9.000d+00 8.000d+00 6.000d+00 5.000d+00  
 4.000d+00 3.400d+00 3.000d+00 2.400d+00 2.200d+00 1.800d+00 1.200d+00  
 9.000d-01 7.000d-01 5.500d-01 4.350d-01 3.460d-01 3.000d-01 2.500d-01  
 2.300d-01 2.150d-01 2.100d-01 2.000d-01 1.800d-01 1.430d-01 1.300d-01  
 1.100d-01 1.000d-01 9.100d-02                                          
 1.771d-15 5.938d-16 3.238d-15 4.120d-15 2.347d-15 1.264d-15 3.572d-16  
 1.460d-17 7.065d-18 1.713d-17 6.290d-18 2.976d-17 7.990d-18 8.530d-18  
 4.052d-17 1.022d-17 1.035d-17 4.192d-17 9.723d-18 8.913d-18 7.733d-18  
 5.675d-18 3.948d-18 1.624d-18 5.073d-19 2.368d-19 9.350d-20 9.850d-20  
 1.055d-19 1.068d-19 1.080d-19 9.425d-20 8.025d-20 1.100d-19 1.458d-19  
 2.010d-19 2.485d-19 2.875d-19 3.610d-19 3.860d-19 4.363d-19 4.423d-19  
 3.545d-20 2.480d-20 1.578d-20 9.425d-20 5.150d-20 3.375d-20 1.505d-20  
 1.445d-20 1.423d-20 1.405d-20 1.375d-20 1.333d-20 1.230d-20 1.143d-20  
 8.175d-21 4.850d-21 2.950d-21                                          
    2                                                                   
CBOERSMA  5.000D-01 NOMANTLE  0.0  0                 
 1.070d-18 0.000d+00 0.000d+00 5.000d+03                                
 1.730d-18 0.000d+00 0.000d+00 4.000d+03                                
 3.250d-18 0.000d+00 0.000d+00 3.000d+03                                
 7.740d-18 0.000d+00 0.000d+00 2.000d+03                                
 3.540d-17 0.000d+00 0.000d+00 1.000d+03                                
 5.680d-17 0.000d+00 0.000d+00 8.000d+02                                
 1.030d-16 0.000d+00 0.000d+00 6.000d+02                                
 2.310d-16 0.000d+00 0.000d+00 4.500d+02                                
 2.730d-16 0.000d+00 0.000d+00 4.000d+02                                
 3.540d-16 0.000d+00 0.000d+00 3.000d+02                                
 8.910d-16 0.000d+00 0.000d+00 2.350d+02                                
 1.180d-15 0.000d+00 0.000d+00 2.000d+02                                
 1.370d-15 0.000d+00 0.000d+00 1.900d+02                                
 1.560d-15 0.000d+00 0.000d+00 1.800d+02                                
 2.140d-15 0.000d+00 0.000d+00 1.500d+02                                
 2.720d-15 0.000d+00 0.000d+00 1.400d+02                                
 3.870d-15 0.000d+00 0.000d+00 1.200d+02                                
 5.020d-15 0.000d+00 0.000d+00 1.000d+02                                
 6.050d-15 0.000d+00 0.000d+00 9.000d+01                                
 8.110d-15 0.000d+00 0.000d+00 8.000d+01                                
 1.030d-14 0.000d+00 0.000d+00 7.000d+01                                
 1.400d-14 0.000d+00 0.000d+00 6.000d+01                                
 1.840d-14 0.000d+00 0.000d+00 5.000d+01                                
 2.360d-14 0.000d+00 0.000d+00 4.000d+01                                
 2.580d-14 0.000d+00 0.000d+00 3.000d+01                                
 1.920d-14 0.000d+00 0.000d+00 2.500d+01                                
 1.700d-14 0.000d+00 0.000d+00 2.000d+01                                
 1.920d-14 0.000d+00 0.000d+00 1.800d+01                                
 2.140d-14 0.000d+00 0.000d+00 1.200d+01                                
 2.510d-14 0.000d+00 0.000d+00 1.100d+01                                
 2.880d-14 0.000d+00 0.000d+00 1.000d+01                                
 3.770d-14 0.000d+00 0.000d+00 9.000d+00                                
 4.080d-14 0.000d+00 0.000d+00 8.000d+00                                
 7.380d-14 0.000d+00 0.000d+00 6.000d+00                                
 1.110d-13 0.000d+00 0.000d+00 5.000d+00                                
 1.540d-13 0.000d+00 0.000d+00 4.000d+00                                
 2.520d-13 0.000d+00 0.000d+00 3.400d+00                                
 3.800d-13 0.000d+00 0.000d+00 3.000d+00                                
 5.650d-13 0.000d+00 0.000d+00 2.400d+00                                
 6.750d-13 0.000d+00 0.000d+00 2.200d+00                                
 8.570d-13 0.000d+00 0.000d+00 1.800d+00                                
 1.260d-13 0.000d+00 0.000d+00 1.200d+00                                
 1.720d-12 0.000d+00 0.000d+00 9.000d-01                                
 2.300d-12 0.000d+00 0.000d+00 7.000d-01                                
 2.610d-12 0.000d+00 0.000d+00 5.500d-01                                
 2.990d-12 0.000d+00 0.000d+00 4.350d-01                                
 3.140d-12 0.000d+00 0.000d+00 3.460d-01                                
 4.288d-12 0.000d+00 0.000d+00 3.000d-01                                
 5.470d-12 0.000d+00 0.000d+00 2.500d-01                                
 6.640d-12 0.000d+00 0.000d+00 2.300d-01                                
 8.500d-12 0.000d+00 0.000d+00 2.150d-01                                
 8.050d-12 0.000d+00 0.000d+00 2.100d-01                                
 7.080d-12 0.000d+00 0.000d+00 2.000d-01                                
 5.050d-12 0.000d+00 0.000d+00 1.800d-01                                
 3.260d-12 0.000d+00 0.000d+00 1.430d-01                                
 4.040d-12 0.000d+00 0.000d+00 1.300d-01                                
 7.730d-12 0.000d+00 0.000d+00 1.100d-01                                
 8.090d-12 0.000d+00 0.000d+00 1.000d-01                                
 1.030d-11 0.000d+00 0.000d+00 9.100d-02                                
 5.000D-01                                              
silicate  5.000D-01 NOMANTL+E  0.0  0                 
 1.070d-17 0.000d+00 0.000d+00 5.000d+03                                
 1.840d-17 0.000d+00 0.000d+00 4.000d+03                                
 3.690d-17 0.000d+00 0.000d+00 3.000d+03                                
 9.960d-17 0.000d+00 0.000d+00 2.000d+03                                
 5.020d-16 0.000d+00 0.000d+00 1.000d+03                                
 9.590d-16 0.000d+00 0.000d+00 8.000d+02                                
 1.770d-15 0.000d+00 0.000d+00 6.000d+02                                
 3.930d-15 0.000d+00 0.000d+00 4.500d+02                                
 4.650d-15 0.000d+00 0.000d+00 4.000d+02                                
 8.110d-15 0.000d+00 0.000d+00 3.000d+02                                
 1.380d-14 0.000d+00 0.000d+00 2.350d+02                                
 1.700d-14 0.000d+00 0.000d+00 2.000d+02                                
 1.880d-14 0.000d+00 0.000d+00 1.900d+02                                
 2.020d-14 0.000d+00 0.000d+00 1.800d+02                                
 2.510d-14 0.000d+00 0.000d+00 1.500d+02                                
 2.880d-14 0.000d+00 0.000d+00 1.400d+02                                
 3.570d-14 0.000d+00 0.000d+00 1.200d+02                                
 4.280d-14 0.000d+00 0.000d+00 1.000d+02                                
 4.870d-14 0.000d+00 0.000d+00 9.000d+01                                
 5.460d-14 0.000d+00 0.000d+00 8.000d+01                                
 6.120d-14 0.000d+00 0.000d+00 7.000d+01                                
 7.230d-14 0.000d+00 0.000d+00 6.000d+01                                
 8.850d-14 0.000d+00 0.000d+00 5.000d+01                                
 1.030d-13 0.000d+00 0.000d+00 4.000d+01                                
 2.140d-13 0.000d+00 0.000d+00 3.000d+01                                
 4.350d-13 0.000d+00 0.000d+00 2.500d+01                                
 4.650d-13 0.000d+00 0.000d+00 2.000d+01                                
 3.320d-13 0.000d+00 0.000d+00 1.800d+01                                
 1.990d-13 0.000d+00 0.000d+00 1.200d+01                                
 3.510d-13 0.000d+00 0.000d+00 1.100d+01                                
 5.020d-13 0.000d+00 0.000d+00 1.000d+01                                
 2.710d-13 0.000d+00 0.000d+00 9.000d+00                                
 3.910d-14 0.000d+00 0.000d+00 8.000d+00                                
 2.510d-14 0.000d+00 0.000d+00 6.000d+00                                
 1.990d-14 0.000d+00 0.000d+00 5.000d+00                                
 1.480d-14 0.000d+00 0.000d+00 4.000d+00                                
 1.590d-14 3.250d-15 2.000d-01 3.400d+00                                
 2.138d-14 9.604d-15 2.000d-01 3.000d+00                                
 2.300d-14 2.490d-14 9.000d-01 2.400d+00                                
 2.730d-14 3.620d-14 1.000d-02 2.200d+00                                
 3.190d-14 6.770d-14 2.000d-01 6.770d-14                                
 4.650d-14 2.630d-13 4.300d-02 1.200d+00                                
 7.300d-14 7.380d-13 2.000d-01 9.000d-01                                
 1.190d-13 1.580d-12 3.400d-01 7.000d-01                                
 1.400d-13 2.660d-12 2.500d-01 5.500d-01                                
 2.100d-13 3.990d-12 2.433d-02 4.350d-01                                
 2.620d-13 4.980d-12 3.000d-01 3.460d-01                                
 5.501d-13 5.571d-12 2.300d-01 3.000d-01                                
 9.110d-13 6.100d-12 1.000d-01 2.500d-01                                
 1.090d-12 6.720d-12 8.000d-02 2.300d-01                                
 1.500d-12 7.350d-12 9.900d-02 2.150d-01                                
 1.740d-12 7.410d-12 1.340d-01 2.100d-01                                
 1.980d-12 7.460d-12 1.500d-01 2.000d-01                                
 3.670d-12 6.810d-12 2.000d-01 1.800d-01                                
 7.700d-12 5.350d-12 3.000d-01 1.430d-01                                
 8.050d-12 5.370d-12 3.000d-01 1.300d-01                                
 1.020d-11 6.790d-12 4.500d-01 1.100d-01                                
 1.120d-11 7.490d-12 8.760d-02 1.000d-01                                
 1.430d-11 9.150d-12 5.500d-02 9.100d-02                                
 5.000D-01                                                              
    0      4.000D+02 1.500D+03                                          
 5.220D-04 1.500D+00 1.000D+00 5.000D+04 2.330D+04                      
 ICONV=1                                                                
 5.000d-01 3.000d-01 2.000d-01 1.000d-01 8.000d-01 6.000d-01 3.000d-01  
 2.000d-01 1.500d-01 1.000d-01 8.000d-01 6.000d-01 4.000d-01 2.500d-01  
 1.800d-01 1.200d-01 1.000d-01 8.000d-01 6.000d-01 5.000d-01 4.000d-01  
 3.400d-01 3.000d-01 2.400d-01 2.200d-01 1.800d-01 1.200d-01 9.000d-01  
 7.000d-01 5.500d-01 3.460d-01 3.000d-01 2.500d-01 2.150d-01 2.000d-01  
 7.000d-01 5.500d-01 3.460d-01 3.000d-01 2.500d-01 2.150d-01 2.000d-01  
 7.000d-01 5.500d-01 3.460d-01 3.000d-01 2.500d-01 2.150d-01 2.000d-01  
 7.000d-01 5.500d-01 3.460d-01 3.000d-01 2.500d-01 2.150d-01 2.000d-01  
 1.300d-01 1.000d-01 4.000d-01                                          

